Total documents: 298
Unique URLs: 298
Content length (chars):
  - Average: 80784.20805369127
  - Min: 0
  - Max: 227044
  - Median: 104359.5
  - Stdev: 54222.82369203878
Content word count:
  - Average: 10006.523489932886
  - Min: 0
  - Max: 31679
  - Median: 12715.0
  - Stdev: 6712.408433213852
Title length (chars):
  - Average: 37.761744966442954
  - Min: 16
  - Max: 136
  - Median: 33.0
  - Stdev: 18.91823486422322
